690.jpeg 1073.2084005819040 964.02294083267634 608.75227382074604 1 0 -0.115735308732501 0.07968996809914
691.jpeg 1073.2084005819040 964.02294083267634 608.75227382074604 1 0 -0.115735308732501 0.07968996809914
692.jpeg 1073.2084005819040 964.02294083267634 608.75227382074604 1 0 -0.115735308732501 0.07968996809914
693.jpeg 1073.2084005819040 964.02294083267634 608.75227382074604 1 0 -0.115735308732501 0.07968996809914
694.jpeg 1073.2084005819040 964.02294083267634 608.75227382074604 1 0 -0.115735308732501 0.07968996809914
695.jpeg 1073.2084005819040 964.02294083267634 608.75227382074604 1 0 -0.115735308732501 0.07968996809914
696.jpeg 1073.2084005819040 964.02294083267634 608.75227382074604 1 0 -0.115735308732501 0.07968996809914
697.jpeg 1073.2084005819040 964.02294083267634 608.75227382074604 1 0 -0.115735308732501 0.07968996809914
698.jpeg 1073.2084005819040 964.02294083267634 608.75227382074604 1 0 -0.115735308732501 0.07968996809914
699.jpeg 1073.2084005819040 964.02294083267634 608.75227382074604 1 0 -0.115735308732501 0.07968996809914
700.jpeg 1073.2084005819040 964.02294083267634 608.75227382074604 1 0 -0.115735308732501 0.07968996809914
701.jpeg 1073.2084005819040 964.02294083267634 608.75227382074604 1 0 -0.115735308732501 0.07968996809914
702.jpeg 1073.2084005819040 964.02294083267634 608.75227382074604 1 0 -0.115735308732501 0.07968996809914
703.jpeg 1073.2084005819040 964.02294083267634 608.75227382074604 1 0 -0.115735308732501 0.07968996809914
704.jpeg 1073.2084005819040 964.02294083267634 608.75227382074604 1 0 -0.115735308732501 0.07968996809914
705.jpeg 1073.2084005819040 964.02294083267634 608.75227382074604 1 0 -0.115735308732501 0.07968996809914
706.jpeg 1073.2084005819040 964.02294083267634 608.75227382074604 1 0 -0.115735308732501 0.07968996809914
707.jpeg 1073.2084005819040 964.02294083267634 608.75227382074604 1 0 -0.115735308732501 0.07968996809914
708.jpeg 1073.2084005819040 964.02294083267634 608.75227382074604 1 0 -0.115735308732501 0.07968996809914
709.jpeg 1073.2084005819040 964.02294083267634 608.75227382074604 1 0 -0.115735308732501 0.07968996809914
710.jpeg 1073.2084005819040 964.02294083267634 608.75227382074604 1 0 -0.115735308732501 0.07968996809914
711.jpeg 1073.2084005819040 964.02294083267634 608.75227382074604 1 0 -0.115735308732501 0.07968996809914
712.jpeg 1073.2084005819040 964.02294083267634 608.75227382074604 1 0 -0.115735308732501 0.07968996809914
713.jpeg 1073.2084005819040 964.02294083267634 608.75227382074604 1 0 -0.115735308732501 0.07968996809914
714.jpeg 1073.2084005819040 964.02294083267634 608.75227382074604 1 0 -0.115735308732501 0.07968996809914
715.jpeg 1073.2084005819040 964.02294083267634 608.75227382074604 1 0 -0.115735308732501 0.07968996809914
716.jpeg 1073.2084005819040 964.02294083267634 608.75227382074604 1 0 -0.115735308732501 0.07968996809914
717.jpeg 1073.2084005819040 964.02294083267634 608.75227382074604 1 0 -0.115735308732501 0.07968996809914
718.jpeg 1073.2084005819040 964.02294083267634 608.75227382074604 1 0 -0.115735308732501 0.07968996809914
719.jpeg 1073.2084005819040 964.02294083267634 608.75227382074604 1 0 -0.115735308732501 0.07968996809914
720.jpeg 1073.2084005819040 964.02294083267634 608.75227382074604 1 0 -0.115735308732501 0.07968996809914
721.jpeg 1073.2084005819040 964.02294083267634 608.75227382074604 1 0 -0.115735308732501 0.07968996809914
722.jpeg 1073.2084005819040 964.02294083267634 608.75227382074604 1 0 -0.115735308732501 0.07968996809914
723.jpeg 1073.2084005819040 964.02294083267634 608.75227382074604 1 0 -0.115735308732501 0.07968996809914
724.jpeg 1073.2084005819040 964.02294083267634 608.75227382074604 1 0 -0.115735308732501 0.07968996809914
725.jpeg 1073.2084005819040 964.02294083267634 608.75227382074604 1 0 -0.115735308732501 0.07968996809914
726.jpeg 1073.2084005819040 964.02294083267634 608.75227382074604 1 0 -0.115735308732501 0.07968996809914
727.jpeg 1073.2084005819040 964.02294083267634 608.75227382074604 1 0 -0.115735308732501 0.07968996809914
728.jpeg 1073.2084005819040 964.02294083267634 608.75227382074604 1 0 -0.115735308732501 0.07968996809914
729.jpeg 1073.2084005819040 964.02294083267634 608.75227382074604 1 0 -0.115735308732501 0.07968996809914
730.jpeg 1073.2084005819040 964.02294083267634 608.75227382074604 1 0 -0.115735308732501 0.07968996809914